6 28 28
15 22 23 29 30 31 36 37 38 39 43 44 45 46 47 50 51 52 53 54 55 57 58 59 60 61 62 63
1.88982236504613599e-01 4.36435780471984724e-01 -1.53689097117245993e-17 5.66946709513840852e-01 -2.09467610724297562e-17 -1.40869194885250327e-17 5.26361355967814970e-01 -8.08791371516337510e-17 3.67840408961606468e-17 2.99456604244834003e-17 3.67806178960311980e-01 -2.09284745951172172e-16 -2.32135109877274072e-18 -9.58958000854973806e-17 7.65959075621778928e-17 1.89641862372304154e-01 -4.79568178363661143e-16 -2.64894608382900481e-16 -3.23094819508137692e-17 -8.10429821773268122e-17 1.94903868518645699e-16 6.38690385026584040e-02 -1.75017431806139879e-15 -1.46976633249938162e-15 -3.23756859981321482e-16 1.38236024281496913e-16 -2.47431316065918833e-16 5.92792784660415404e-16
1.88982236504613599e-01 3.27326835353988543e-01 6.29940788348711950e-02 1.88982236504613654e-01 2.18217890235992362e-01 -1.00817503712314627e-17 -1.31590338991953826e-01 3.79868588198793100e-01 -6.09353537632463759e-17 2.96785258086054494e-17 -3.67806178960312313e-01 4.24705992864688020e-01 -1.11112303067706758e-16 2.74360781041750081e-17 1.20937971629620915e-16 -3.63480236213583385e-01 3.19345192513292853e-01 -1.09561564538322312e-16 -1.43426921864715135e-16 -1.11473727315112312e-16 7.15538896300332224e-17 -1.91607115507976877e-01 1.47499226289570268e-01 8.09257423401272850e-17 -4.53392527307055576e-17 -6.50395579454020281e-16 -3.02518410715816649e-16 2.93695583317156632e-16
1.88982236504613599e-01 3.27326835353988543e-01 -6.29940788348712088e-02 1.88982236504613654e-01 -2.18217890235992362e-01 -2.68698960684486074e-18 -1.31590338991953826e-01 -3.79868588198793156e-01 1.22520973568971083e-17 8.44613549276973281e-18 -3.67806178960312313e-01 -4.24705992864687853e-01 -1.24654346237775758e-16 1.13455299502769047e-16 -2.69559709887527887e-17 -3.63480236213583385e-01 -3.19345192513293075e-01 2.78197927516552156e-17 4.67313505450671346e-17 1.37594549348755907e-16 -2.71620507774737722e-18 -1.91607115507976961e-01 -1.47499226289570184e-01 -2.57950692178520746e-16 -5.43289663176179777e-16 -1.79958534124080121e-16 6.19931811775051586e-16 3.25533018885946801e-16
1.88982236504613599e-01 2.18217890235992362e-01 1.25988157669742390e-01 -6.29940788348711950e-02 3.27326835353988543e-01 2.81718084909505437e-02 -2.63180677983907541e-01 3.03894870559034580e-01 1.17697977267299816e-01 1.23871082523493252e-17 -7.35612357920623905e-02 -4.24705992864686729e-02 2.30283093235919112e-01 -1.53231823516288611e-16 -7.49925259178603839e-17 2.63391475517088969e-01 -3.83214231015950924e-01 2.63854637289681893e-01 -2.30618540491433281e-16 -1.32067900496539921e-16 9.50798720882154156e-17 3.19345192513292409e-01 -3.68748065723924323e-01 1.71378614099395588e-01 -2.62793621655670380e-17 -5.17012779152725805e-16 -3.75180996022172516e-16 1.51074468536552843e-16
1.88982236504613599e-01 2.18217890235992362e-01 9.96478479411543649e-18 -6.29940788348712088e-02 5.56605620865875311e-17 -5.63436169819011082e-02 -2.63180677983907541e-01 2.37474976211237170e-17 -2.35395954534599883e-01 1.12170520204019758e-17 -7.35612357920624044e-02 3.80799802476447849e-17 -4.60566186471838390e-01 1.07759554840186598e-16 7.81392970610219700e-17 2.63391475517088969e-01 5.95222892210698904e-17 -5.27709274579364007e-01 -2.41140943832879736e-16 8.95507200063421845e-17 -1.28416141342594149e-17 3.19345192513292409e-01 3.51397741797695588e-16 -3.42757228198790120e-01 -6.06850026464157578e-16 -5.04857718101713812e-16 3.93717743922886734e-16 1.36526666996715265e-18
1.88982236504613599e-01 2.18217890235992362e-01 -1.25988157669742418e-01 -6.29940788348712227e-02 -3.27326835353988599e-01 2.81718084909505714e-02 -2.63180677983907541e-01 -3.03894870559034636e-01 1.17697977267300025e-01 -1.83912968677256108e-17 -7.35612357920624044e-02 4.24705992864688187e-02 2.30283093235919084e-01 -9.91875001363394066e-17 5.90837707107492441e-17 2.63391475517088969e-01 3.83214231015951368e-01 2.63854637289681948e-01 -5.08327310419168277e-17 -6.75095705826471943e-18 1.16951439391265222e-16 3.19345192513292464e-01 3.68748065723924823e-01 1.71378614099395254e-01 -5.27064368769302965e-16 4.17229624194669894e-17 6.19200667439104929e-16 2.08719628489921839e-16
1.88982236504613599e-01 1.09108945117996181e-01 1.88982236504613627e-01 -1.88982236504613627e-01 3.27326835353988599e-01 8.45154254728516657e-02 -9.86927542439653555e-02 1.13960576459638200e-02 2.50108201693012289e-01 1.74077655955698352e-02 2.20683707376187449e-01 -3.31270674434456514e-01 2.30283093235919167e-01 7.78498944161523099e-02 -6.88091503222236923e-17 7.90174426551267101e-02 -3.83214231015950105e-02 -9.89454889836308277e-02 1.50523561801276545e-01 -3.06608389206280314e-16 -7.73660848811283772e-17 -3.19345192513291964e-01 4.42497678868710054e-01 -3.42757228198789843e-01 1.44841364875580053e-01 -2.80675726428386238e-16 -2.22316401729711581e-16 1.50464047436443296e-16
1.88982236504613599e-01 1.09108945117996181e-01 6.29940788348712088e-02 -1.88982236504613627e-01 1.09108945117996209e-01 -8.45154254728516796e-02 -9.86927542439653555e-02 3.79868588198794058e-03 -2.50108201693012400e-01 -5.22232967867093736e-02 2.20683707376187449e-01 -1.10423558144818940e-01 -2.30283093235919251e-01 -2.33549683248456985e-01 -6.32315507783580466e-17 7.90174426551267378e-02 -1.27738077005316326e-02 9.89454889836306473e-02 -4.51570685403829053e-01 -2.37198160730615644e-17 -2.47486603773320460e-17 -3.19345192513292186e-01 1.47499226289570129e-01 3.42757228198790120e-01 -4.34524094626741131e-01 -3.25724989352784971e-16 -4.66445353398533639e-16 -4.81851757442931346e-16
1.88982236504613599e-01 1.09108945117996181e-01 -6.29940788348712366e-02 -1.88982236504613627e-01 -1.09108945117996237e-01 -8.45154254728516657e-02 -9.86927542439653555e-02 -3.79868588198794275e-03 -2.50108201693012344e-01 5.22232967867093389e-02 2.20683707376187449e-01 1.10423558144818926e-01 -2.30283093235919195e-01 2.33549683248457068e-01 2.34051523680473428e-17 7.90174426551268072e-02 1.27738077005317974e-02 9.89454889836306750e-02 4.51570685403829053e-01 -2.42277432531833898e-17 2.08473613435066411e-17 -3.19345192513291909e-01 -1.47499226289569740e-01 3.42757228198790065e-01 4.34524094626740631e-01 -3.28623637213335332e-16 6.69310376353038304e-16 -1.65498769226266293e-16
1.88982236504613599e-01 1.09108945117996181e-01 -1.88982236504613571e-01 -1.88982236504613654e-01 -3.27326835353988488e-01 8.45154254728516519e-02 -9.86927542439653555e-02 -1.13960576459638634e-02 2.50108201693012400e-01 -1.74077655955698005e-02 2.20683707376187449e-01 3.31270674434456569e-01 2.30283093235919001e-01 -7.78498944161523931e-02 8.47951298064685387e-17 7.90174426551266823e-02 3.83214231015951215e-02 -9.89454889836309665e-02 -1.50523561801276212e-01 2.48924327794424209e-16 -1.42895287983162239e-18 -3.19345192513292409e-01 -4.42497678868709499e-01 -3.42757228198790120e-01 -1.44841364875580636e-01 3.62705726697165667e-16 1.18822552947827594e-16 2.24181915988450284e-16
1.88982236504613599e-01 -2.24430018061462661e-18 2.51976315339484835e-01 -1.88982236504613599e-01 2.18217890235992362e-01 1.69030850945703359e-01 1.31590338991953770e-01 -2.58310639975179390e-01 2.94244943168249840e-01 6.96310623822792157e-02 1.02985730108887341e-01 -8.49411985729376512e-02 -6.57951694959769823e-02 1.94624736040380858e-01 1.47122471584126922e-02 -2.52855816496405428e-01 3.57666615614887495e-01 -2.82701397096087881e-01 1.00349041200850628e-01 6.32139541241014125e-02 1.45370243741738249e-16 1.91607115507975656e-01 -2.94998452579140147e-01 2.93791909884676794e-01 -2.17262047313370288e-01 1.00365631932748889e-01 5.30510891862363783e-17 -1.14375360280465909e-17
1.88982236504613599e-01 -2.24430018061462661e-18 1.25988157669742390e-01 -1.88982236504613627e-01 1.09108945117996153e-01 -8.45154254728517351e-02 1.31590338991953770e-01 -1.29155319987589667e-01 -1.47122471584125086e-01 -1.39262124764558293e-01 1.02985730108887341e-01 -4.24705992864689227e-02 3.28975847479883940e-02 -3.89249472080761605e-01 -5.88489886336500331e-02 -2.52855816496405483e-01 1.78833307807443692e-01 1.41350698548043718e-01 -2.00698082401701644e-01 -2.52855816496405983e-01 -2.48135292853815589e-16 1.91607115507975490e-01 -1.47499226289570295e-01 -1.46895954942339008e-01 4.34524094626740465e-01 -4.01462527730996221e-01 -9.72510713420117864e-16 -3.31365851778600809e-16
1.88982236504613599e-01 -2.24430018061462661e-18 2.95881082364652130e-17 -1.88982236504613627e-01 2.32951126346529723e-17 -1.69030850945703359e-01 1.31590338991953770e-01 -1.60799591938680964e-17 -2.94244943168249840e-01 -2.12634750817969588e-17 1.02985730108887369e-01 -9.69068935330522051e-17 6.57951694959768574e-02 -3.06243831656826648e-17 8.82734829504748242e-02 -2.52855816496405428e-01 -4.53659732173206404e-17 2.82701397096087825e-01 1.54468573148656172e-16 3.79283724744608419e-01 -3.14317610807358630e-17 1.91607115507975490e-01 -2.56870418028703152e-16 -2.93791909884677405e-01 1.53349432506521065e-16 6.02193791596494998e-01 -2.64993053627931470e-17 -3.97314535603087873e-16
1.88982236504613599e-01 -2.24430018061462661e-18 -1.25988157669742390e-01 -1.88982236504613627e-01 -1.09108945117996181e-01 -8.45154254728516241e-02 1.31590338991953770e-01 1.29155319987589667e-01 -1.47122471584124864e-01 1.39262124764558237e-01 1.02985730108887369e-01 4.24705992864687631e-02 3.28975847479884079e-02 3.89249472080761549e-01 -5.88489886336499776e-02 -2.52855816496405372e-01 -1.78833307807443886e-01 1.41350698548043940e-01 2.00698082401701700e-01 -2.52855816496405372e-01 3.04786977476846349e-17 1.91607115507975601e-01 1.47499226289569435e-01 -1.46895954942339119e-01 -4.34524094626740631e-01 -4.01462527730996166e-01 5.35431336126017750e-16 2.40332778557017155e-16
1.88982236504613599e-01 -2.24430018061462661e-18 -2.51976315339484780e-01 -1.88982236504613627e-01 -2.18217890235992334e-01 1.69030850945703276e-01 1.31590338991953770e-01 2.58310639975179335e-01 2.94244943168249729e-01 -6.96310623822790631e-02 1.02985730108887341e-01 8.49411985729376512e-02 -6.57951694959767880e-02 -1.94624736040380636e-01 1.47122471584124146e-02 -2.52855816496405483e-01 -3.57666615614887828e-01 -2.82701397096087992e-01 -1.00349041200850794e-01 6.32139541241011904e-02 4.35515848624695443e-17 1.91607115507975628e-01 2.94998452579139925e-01 2.93791909884676794e-01 2.17262047313370149e-01 1.00365631932749153e-01 -3.27673767709718001e-16 1.26623550324120013e-18
1.88982236504613599e-01 -1.09108945117996181e-01 3.14970394174356016e-01 -6.29940788348711672e-02 -2.46761463840736240e-17 2.81718084909505395e-01 1.97385508487930683e-01 -2.65908011739155237e-01 1.47122471584124836e-01 1.74077655955697713e-01 -2.20683707376187449e-01 3.39764794291750383e-01 -3.28975847479884398e-01 1.94624736040380553e-01 7.35612357920623627e-02 1.52767055799911788e-01 -2.46352005653111966e-01 2.70922172217084312e-01 -2.36935236168675734e-01 1.42231396779227998e-01 1.74714139453653328e-02 -6.38690385026593338e-02 1.05356590206835229e-01 -1.22413295785282580e-01 1.20701137396317382e-01 -1.00365631932749319e-01 6.05227532668803359e-02 3.02196742020566141e-16
1.88982236504613599e-01 -1.09108945117996181e-01 1.88982236504613627e-01 -6.29940788348711811e-02 -1.65937394973248214e-17 -5.63436169819011776e-02 1.97385508487930655e-01 -1.59544807043493081e-01 -2.94244943168250270e-02 -2.43708718337976887e-01 -2.20683707376187505e-01 2.03858876575050196e-01 6.57951694959769406e-02 -2.72474630456533029e-01 -2.20683707376187310e-01 1.52767055799911622e-01 -1.47811203391867041e-01 -5.41844344434169595e-02 3.31709330636146382e-01 -4.26694190337684409e-01 -8.73570697268265112e-02 -6.38690385026591950e-02 6.32139541241007880e-02 2.44826591570563405e-02 -1.68981592354844085e-01 3.01096895798247610e-01 -3.02613766334402068e-01 -2.68045419477125808e-16
1.88982236504613599e-01 -1.09108945117996181e-01 6.29940788348711811e-02 -6.29940788348711950e-02 -1.17036024857007662e-17 -2.25374467927604488e-01 1.97385508487930655e-01 -5.31816023478309946e-02 -1.17697977267299969e-01 -1.39262124764558237e-01 -2.20683707376187505e-01 6.79529588583499405e-02 2.63180677983907652e-01 -1.55699788832304592e-01 1.47122471584124781e-01 1.52767055799911622e-01 -4.92704011306224834e-02 -2.16737737773667394e-01 1.89548188934940604e-01 2.84462793558456217e-01 1.74714139453652662e-01 -6.38690385026592644e-02 2.10713180413666969e-02 9.79306366282255980e-02 -9.65609099170535029e-02 -2.00731263865498166e-01 6.05227532668801804e-01 -1.10247828751185267e-15
1.88982236504613599e-01 -1.09108945117996181e-01 -6.29940788348712227e-02 -6.29940788348711950e-02 -1.59277359627337060e-18 -2.25374467927604460e-01 1.97385508487930655e-01 5.31816023478310917e-02 -1.17697977267299941e-01 1.39262124764558265e-01 -2.20683707376187505e-01 -6.79529588583502042e-02 2.63180677983907596e-01 1.55699788832304592e-01 1.47122471584124836e-01 1.52767055799911677e-01 4.92704011306222545e-02 -2.16737737773667227e-01 -1.89548188934940465e-01 2.84462793558456273e-01 -1.74714139453652939e-01 -6.38690385026593616e-02 -2.10713180413674671e-02 9.79306366282254731e-02 9.65609099170537943e-02 -2.00731263865497722e-01 -6.05227532668802803e-01 -4.96784757215099558e-17
1.88982236504613599e-01 -1.09108945117996181e-01 -1.88982236504613516e-01 -6.29940788348712088e-02 6.82691083923272082e-18 -5.63436169819011290e-02 1.97385508487930655e-01 1.59544807043493053e-01 -2.94244943168249888e-02 2.43708718337976971e-01 -2.20683707376187532e-01 -2.03858876575050196e-01 6.57951694959769268e-02 2.72474630456533029e-01 -2.20683707376187255e-01 1.52767055799911650e-01 1.47811203391866902e-01 -5.41844344434168693e-02 -3.31709330636145827e-01 -4.26694190337684631e-01 8.73570697268266083e-02 -6.38690385026595697e-02 -6.32139541241016761e-02 2.44826591570562781e-02 1.68981592354843890e-01 3.01096895798247999e-01 3.02613766334401513e-01 4.54048183181502640e-16
1.88982236504613599e-01 -1.09108945117996181e-01 -3.14970394174356016e-01 -6.29940788348712227e-02 1.49853253390686673e-17 2.81718084909505617e-01 1.97385508487930655e-01 2.65908011739155237e-01 1.47122471584125003e-01 -1.74077655955697796e-01 -2.20683707376187532e-01 -3.39764794291750438e-01 -3.28975847479884509e-01 -1.94624736040380775e-01 7.35612357920624321e-02 1.52767055799911594e-01 2.46352005653111550e-01 2.70922172217083923e-01 2.36935236168675789e-01 1.42231396779228081e-01 -1.74714139453652564e-02 -6.38690385026594171e-02 -1.05356590206835687e-01 -1.22413295785282247e-01 -1.20701137396316605e-01 -1.00365631932749153e-01 -6.05227532668802942e-02 6.77759442196444140e-18
1.88982236504613599e-01 -2.18217890235992362e-01 3.77964473009227198e-01 1.88982236504613654e-01 -3.27326835353988654e-01 4.22577127364258398e-01 -1.31590338991953715e-01 2.27921152919275838e-01 -2.94244943168249840e-01 3.48155311911395760e-01 7.35612357920626264e-02 -1.27411797859406289e-01 1.64487923739942282e-01 -1.94624736040380691e-01 2.20683707376187394e-01 -3.16069770620506021e-02 5.47448901451361505e-02 -7.06753492740217759e-02 8.36242010007091224e-02 -9.48209311861520771e-02 1.04828483672191886e-01 9.12414835752324571e-03 -1.58034885310245066e-02 2.04022159642147337e-02 -2.41402274792638406e-02 2.73724450725684187e-02 -3.02613766334408098e-02 3.28975847479889560e-02
1.88982236504613599e-01 -2.18217890235992362e-01 2.51976315339484724e-01 1.88982236504613654e-01 -2.18217890235992334e-01 -2.09027523070349535e-16 -1.31590338991953687e-01 1.51947435279517234e-01 1.57912988662448608e-16 -3.48155311911395815e-01 7.35612357920626542e-02 -8.49411985729374847e-02 -3.15584304250906787e-17 1.94624736040380719e-01 -5.14928650544437372e-01 -3.16069770620505119e-02 3.64965934300910330e-02 4.87925225337276205e-17 -8.36242010007091363e-02 2.21248839434354722e-01 -4.19313934688767154e-01 9.12414835752338275e-03 -1.05356590206827049e-02 7.50881400293944788e-16 2.41402274792633480e-02 -6.38690385026583207e-02 1.21045506533760006e-01 -1.97385508487930961e-01
1.88982236504613599e-01 -2.18217890235992362e-01 1.25988157669742362e-01 1.88982236504613627e-01 -1.09108945117996167e-01 -2.53546276418554983e-01 -1.31590338991953715e-01 7.59737176397586450e-02 1.76546965900949898e-01 -3.48155311911395537e-01 7.35612357920626125e-02 -4.24705992864687354e-02 -9.86927542439653277e-02 1.94624736040380525e-01 7.35612357920625154e-02 -3.16069770620505883e-02 1.82482967150455061e-02 4.24052095644131335e-02 -8.36242010007090808e-02 -3.16069770620508242e-02 5.24142418360958984e-01 9.12414835752327867e-03 -5.26782951034096905e-03 -1.22413295785277244e-02 2.41402274792633237e-02 9.12414835752211814e-03 -1.51306883167200534e-01 4.93463771219825764e-01
1.88982236504613599e-01 -2.18217890235992362e-01 9.23883423438319601e-18 1.88982236504613627e-01 -1.52341957142398955e-17 -3.38061701891406663e-01 -1.31590338991953715e-01 4.19126536221395843e-17 2.35395954534599855e-01 -3.53464991948861926e-17 7.35612357920626125e-02 3.36923408023667736e-17 -1.31590338991953826e-01 -8.96291863701307586e-17 4.41367414752374676e-01 -3.16069770620505883e-02 9.69241453546837435e-17 5.65402794192176247e-02 -5.81584499305303823e-17 -1.89641862372304293e-01 -2.77583725326385960e-16 9.12414835752334459e-03 6.43303130219923031e-16 -1.63217727713708370e-02 -1.65801774452695752e-16 5.47448901451349640e-02 -7.12175437524939641e-16 -6.57951694959770128e-01
1.88982236504613599e-01 -2.18217890235992362e-01 -1.25988157669742445e-01 1.88982236504613627e-01 1.09108945117996251e-01 -2.53546276418554928e-01 -1.31590338991953715e-01 -7.59737176397586311e-02 1.76546965900949787e-01 3.48155311911395704e-01 7.35612357920626125e-02 4.24705992864688811e-02 -9.86927542439653971e-02 -1.94624736040380719e-01 7.35612357920623766e-02 -3.16069770620506160e-02 -1.82482967150451245e-02 4.24052095644131197e-02 8.36242010007090253e-02 -3.16069770620506646e-02 -5.24142418360959317e-01 9.12414835752330122e-03 5.26782951034229265e-03 -1.22413295785276446e-02 -2.41402274792637192e-02 9.12414835752207477e-03 1.51306883167200423e-01 4.93463771219826264e-01
1.88982236504613599e-01 -2.18217890235992362e-01 -2.51976315339484835e-01 1.88982236504613627e-01 2.18217890235992446e-01 3.76948487458383562e-17 -1.31590338991953715e-01 -1.51947435279517290e-01 -5.89176232936962780e-17 3.48155311911395704e-01 7.35612357920625709e-02 8.49411985729376789e-02 -1.82865970161731240e-17 -1.94624736040380691e-01 -5.14928650544437150e-01 -3.16069770620506577e-02 -3.64965934300903461e-02 1.36754881210984788e-17 8.36242010007090253e-02 2.21248839434354638e-01 4.19313934688767709e-01 9.12414835752323357e-03 1.05356590206840128e-02 4.40026303335141894e-16 -2.41402274792633653e-02 -6.38690385026585566e-02 -1.21045506533760255e-01 -1.97385508487930073e-01
1.88982236504613599e-01 -2.18217890235992362e-01 -3.77964473009227198e-01 1.88982236504613627e-01 3.27326835353988599e-01 4.22577127364258232e-01 -1.31590338991953659e-01 -2.27921152919275921e-01 -2.94244943168249840e-01 -3.48155311911395760e-01 7.35612357920625848e-02 1.27411797859406456e-01 1.64487923739942338e-01 1.94624736040380886e-01 2.20683707376187338e-01 -3.16069770620505813e-02 -5.47448901451358105e-02 -7.06753492740216788e-02 -8.36242010007091779e-02 -9.48209311861520215e-02 -1.04828483672191927e-01 9.12414835752321275e-03 1.58034885310258284e-02 2.04022159642144735e-02 2.41402274792638025e-02 2.73724450725682453e-02 3.02613766334410145e-02 3.28975847479879360e-02
