6 28 36
0 1 2 3 4 5 6 7 8 9 10 11 12 13 14 16 17 18 19 20 21 24 25 26 27 28 32 33 34 35 40 41 42 48 49 56
1.66666666666666657e-01 -1.97202659436653910e-01 -3.41565025531986588e-01 1.78376517003168950e-01 3.08957190326662301e-01 3.98862017608732855e-01 -1.32954005869577563e-01 -2.30283093235919195e-01 -2.97294195005281481e-01 -3.51763235340724290e-01 8.24545741530255671e-02 1.42815511749495888e-01 1.84374032861962550e-01 2.18154297668639918e-01 2.47363722459076840e-01 -4.18121005003544502e-02 -7.24206824377902347e-02 -9.34946990008457546e-02 -1.10624419717177472e-01 -1.25436301501063718e-01 -1.38675049056307509e-01 1.64909148306049795e-02 2.85631023498992588e-02 3.68748065723926710e-02 4.36308595337279240e-02 4.94727444918154138e-02 5.46941769428244615e-02 5.94588390010568554e-02
1.66666666666666657e-01 -1.97202659436653910e-01 -2.43975018237133329e-01 1.78376517003168950e-01 2.20683707376187421e-01 5.69802882298190150e-02 -1.32954005869577563e-01 -1.64487923739942282e-01 -4.24705992864688048e-02 2.51259453814803024e-01 8.24545741530255810e-02 1.02011079821068509e-01 2.63391475517089427e-02 -1.55824498334742961e-01 -4.59389770281142584e-01 -4.18121005003544502e-02 -5.17290588841358284e-02 -1.33563855715493496e-02 7.90174426551267656e-02 2.32953131359118049e-01 4.55646589756438236e-01 1.64909148306049969e-02 2.04022159642136373e-02 5.26782951034187718e-03 -3.11648996669485236e-02 -9.18779540562286445e-02 -1.79709438526423265e-01 -2.97294195005281758e-01
1.66666666666666657e-01 -1.97202659436653910e-01 -1.46385010942280014e-01 1.78376517003168950e-01 1.32410224425712458e-01 -1.70940864689456906e-01 -1.32954005869577563e-01 -9.86927542439653832e-02 1.27411797859406289e-01 3.51763235340724290e-01 8.24545741530255810e-02 6.12066478926411167e-02 -7.90174426551266823e-02 -2.18154297668639974e-01 -1.06013023911033011e-01 -4.18121005003544571e-02 -3.10374353304815193e-02 4.00691567146481548e-02 1.10624419717177569e-01 5.37584149290273108e-02 -3.36782261993889109e-01 1.64909148306050315e-02 1.22413295785283090e-02 -1.58034885310252143e-02 -4.36308595337279725e-02 -2.12026047822066986e-02 1.32828715432573685e-01 5.35129551009507209e-01
1.66666666666666657e-01 -1.97202659436653910e-01 -4.87950036474266505e-02 1.78376517003168950e-01 4.41367414752374745e-02 -2.84901441149094936e-01 -1.32954005869577563e-01 -3.28975847479884426e-02 2.12352996432343927e-01 1.50755672288881815e-01 8.24545741530255810e-02 2.04022159642136894e-02 -1.31695737758544595e-01 -9.34946990008455880e-02 3.18039071733098810e-01 -4.18121005003544571e-02 -1.03458117768272378e-02 6.67819278577469477e-02 4.74104655930762120e-02 -1.61275244787081801e-01 -2.97160819406372789e-01 1.64909148306050142e-02 4.08044319284277864e-03 -2.63391475517089010e-02 -1.86989398001691232e-02 6.36078143466196483e-02 1.17201807734623950e-01 -2.97294195005281536e-01
1.66666666666666657e-01 -1.97202659436653910e-01 4.87950036474266366e-02 1.78376517003168950e-01 -4.41367414752374607e-02 -2.84901441149094881e-01 -1.32954005869577563e-01 3.28975847479884426e-02 2.12352996432343927e-01 -1.50755672288881787e-01 8.24545741530255810e-02 -2.04022159642136755e-02 -1.31695737758544568e-01 9.34946990008458101e-02 3.18039071733098755e-01 -4.18121005003544433e-02 1.03458117768270609e-02 6.67819278577469200e-02 -4.74104655930759067e-02 -1.61275244787081801e-01 2.97160819406372456e-01 1.64909148306049969e-02 -4.08044319284279512e-03 -2.63391475517088559e-02 1.86989398001692099e-02 6.36078143466196899e-02 -1.17201807734623575e-01 -2.97294195005281703e-01
1.66666666666666657e-01 -1.97202659436653910e-01 1.46385010942279931e-01 1.78376517003168950e-01 -1.32410224425712403e-01 -1.70940864689456989e-01 -1.32954005869577563e-01 9.86927542439653693e-02 1.27411797859406400e-01 -3.51763235340724179e-01 8.24545741530255810e-02 -6.12066478926410890e-02 -7.90174426551267517e-02 2.18154297668640085e-01 -1.06013023911032886e-01 -4.18121005003544363e-02 3.10374353304814499e-02 4.00691567146481409e-02 -1.10624419717177389e-01 5.37584149290270888e-02 3.36782261993889498e-01 1.64909148306049899e-02 -1.22413295785282726e-02 -1.58034885310253566e-02 4.36308595337281183e-02 -2.12026047822065355e-02 -1.32828715432573546e-01 5.35129551009506654e-01
1.66666666666666657e-01 -1.97202659436653910e-01 2.43975018237133273e-01 1.78376517003168950e-01 -2.20683707376187449e-01 5.69802882298190774e-02 -1.32954005869577563e-01 1.64487923739942282e-01 -4.24705992864688048e-02 -2.51259453814802969e-01 8.24545741530255810e-02 -1.02011079821068509e-01 2.63391475517089600e-02 1.55824498334742906e-01 -4.59389770281142862e-01 -4.18121005003544433e-02 5.17290588841358145e-02 -1.33563855715493913e-02 -7.90174426551267794e-02 2.32953131359118160e-01 -4.55646589756438347e-01 1.64909148306050107e-02 -2.04022159642137657e-02 5.26782951034188412e-03 3.11648996669486797e-02 -9.18779540562284780e-02 1.79709438526423265e-01 -2.97294195005281203e-01
1.66666666666666657e-01 -1.97202659436653910e-01 3.41565025531986588e-01 1.78376517003168950e-01 -3.08957190326662356e-01 3.98862017608732855e-01 -1.32954005869577563e-01 2.30283093235919140e-01 -2.97294195005281481e-01 3.51763235340724234e-01 8.24545741530255533e-02 -1.42815511749495888e-01 1.84374032861962328e-01 -2.18154297668640085e-01 2.47363722459076868e-01 -4.18121005003544641e-02 7.24206824377900960e-02 -9.34946990008457823e-02 1.10624419717177527e-01 -1.25436301501063580e-01 1.38675049056307120e-01 1.64909148306049795e-02 -2.85631023498993282e-02 3.68748065723925739e-02 -4.36308595337280003e-02 4.94727444918154000e-02 -5.46941769428245517e-02 5.94588390010563073e-02
1.66666666666666657e-01 -1.12687233963802230e-01 -2.92770021884559972e-01 -2.54823595718812641e-02 4.41367414752374607e-02 2.84901441149094936e-01 1.51947435279517262e-01 1.97385508487930766e-01 8.49411985729376096e-02 -2.01007563051842447e-01 -2.00246822943062175e-01 -3.06033239463205597e-01 -2.89730623068798154e-01 -1.55824498334742906e-01 1.06013023911032928e-01 1.67248402001418078e-01 2.68991106197506324e-01 2.93840482574086626e-01 2.52855816496405539e-01 1.43355773144072801e-01 -3.96214425875165283e-02 -9.65896440078297808e-02 -1.59137284520866923e-01 -1.84374032861962245e-01 -1.80756418068301755e-01 -1.48418233475446137e-01 -8.59479923387240358e-02 8.49411985729414329e-03
1.66666666666666657e-01 -1.12687233963802230e-01 -1.95180014589706602e-01 -2.54823595718812607e-02 2.94244943168249680e-02 -4.95537866075554592e-17 1.51947435279517262e-01 1.31590338991953743e-01 -6.79739838556508503e-18 2.01007563051842419e-01 -2.00246822943062175e-01 -2.04022159642136908e-01 5.41127233644005515e-17 1.55824498334742795e-01 -2.47363722459076729e-01 1.67248402001418078e-01 1.79327404131670837e-01 1.35158792933121064e-17 -2.52855816496405705e-01 -3.34496804002836268e-01 1.58485770350065447e-01 -9.65896440078298085e-02 -1.06091523013911310e-01 -1.41752524144379941e-16 1.80756418068301755e-01 3.46309211442707765e-01 3.43791969354896754e-01 -5.09647191437625005e-02
1.66666666666666657e-01 -1.12687233963802230e-01 -9.75900072948533287e-02 -2.54823595718812607e-02 1.47122471584124857e-02 -1.70940864689456962e-01 1.51947435279517262e-01 6.57951694959769268e-02 -5.09647191437625421e-02 2.01007563051842447e-01 -2.00246822943062175e-01 -1.02011079821068537e-01 1.73838373841278815e-01 1.55824498334742906e-01 3.53376746370109851e-02 1.67248402001418106e-01 8.96637020658355016e-02 -1.76304289544451792e-01 -2.52855816496405594e-01 4.77852577146907972e-02 -1.98107212937581711e-01 -9.65896440078298363e-02 -5.30457615069556965e-02 1.10624419717177222e-01 1.80756418068301755e-01 -4.94727444918152473e-02 -4.29739961693620831e-01 1.27411797859406456e-01
1.66666666666666657e-01 -1.12687233963802230e-01 -1.19524247536710793e-17 -2.54823595718812572e-02 -1.76623456801301883e-18 -2.27921152919275949e-01 1.51947435279517262e-01 1.08062315508649634e-17 -6.79529588583500654e-02 7.31080098920283930e-17 -2.00246822943062175e-01 -4.19677059733468713e-18 2.31784498455038457e-01 4.02684564713476459e-17 2.12026047822065800e-01 1.67248402001418106e-01 3.29205124350554427e-17 -2.35072386059269195e-01 4.56174097690232281e-17 2.86711546288145436e-01 8.10672217923637251e-17 -9.65896440078298363e-02 5.63477724432913166e-17 1.47499226289569879e-01 -4.68530848921921536e-17 -2.96836466950892275e-01 -3.21411802966736951e-16 -1.69882397145875275e-01
1.66666666666666657e-01 -1.12687233963802230e-01 9.75900072948533287e-02 -2.54823595718812537e-02 -1.47122471584124944e-02 -1.70940864689456962e-01 1.51947435279517262e-01 -6.57951694959768851e-02 -5.09647191437625699e-02 -2.01007563051842392e-01 -2.00246822943062175e-01 1.02011079821068537e-01 1.73838373841278815e-01 -1.55824498334742850e-01 3.53376746370109851e-02 1.67248402001418106e-01 -8.96637020658353767e-02 -1.76304289544451931e-01 2.52855816496405761e-01 4.77852577146910193e-02 1.98107212937581822e-01 -9.65896440078298502e-02 5.30457615069555993e-02 1.10624419717177333e-01 -1.80756418068301755e-01 -4.94727444918155942e-02 4.29739961693620665e-01 1.27411797859406151e-01
1.66666666666666657e-01 -1.12687233963802230e-01 1.95180014589706630e-01 -2.54823595718812537e-02 -2.94244943168249784e-02 -2.85341491543649018e-17 1.51947435279517262e-01 -1.31590338991953798e-01 -8.51232467289779093e-18 -2.01007563051842447e-01 -2.00246822943062175e-01 2.04022159642136991e-01 1.25289589000205270e-17 -1.55824498334742906e-01 -2.47363722459076923e-01 1.67248402001418106e-01 -1.79327404131670781e-01 1.16110339966476752e-17 2.52855816496405650e-01 -3.34496804002836268e-01 -1.58485770350065391e-01 -9.65896440078298502e-02 1.06091523013911310e-01 1.52092121368270283e-17 -1.80756418068301783e-01 3.46309211442707487e-01 -3.43791969354896643e-01 -5.09647191437625283e-02
1.66666666666666657e-01 -1.12687233963802230e-01 2.92770021884559917e-01 -2.54823595718812468e-02 -4.41367414752374607e-02 2.84901441149094936e-01 1.51947435279517262e-01 -1.97385508487930683e-01 8.49411985729376096e-02 2.01007563051842392e-01 -2.00246822943062175e-01 3.06033239463205486e-01 -2.89730623068797988e-01 1.55824498334742850e-01 1.06013023911032941e-01 1.67248402001418189e-01 -2.68991106197506213e-01 2.93840482574086459e-01 -2.52855816496405650e-01 1.43355773144072579e-01 3.96214425875161050e-02 -9.65896440078298363e-02 1.59137284520866923e-01 -1.84374032861962162e-01 1.80756418068301866e-01 -1.48418233475446026e-01 8.59479923387242162e-02 8.49411985729383971e-03
1.66666666666666657e-01 -2.81718084909505853e-02 -2.43975018237133301e-01 -1.44400037573993889e-01 -1.47122471584124948e-01 1.89934294099396550e-01 1.51947435279517262e-01 2.63180677983907652e-01 2.54823595718812690e-01 -1.00503781525921140e-01 1.17792248790036906e-02 -4.08044319284274065e-02 -1.58034885310253420e-01 -2.18154297668639863e-01 3.53376746370109227e-02 -1.81185768834869670e-01 -2.44850878718242820e-01 -1.64728755382442443e-01 -5.26782951034178871e-03 1.13489987072390913e-01 -6.60357376458612158e-03 2.14381892797866624e-01 3.26435455427419086e-01 3.16069770620507007e-01 2.18154297668639835e-01 7.77428842014240978e-02 -3.12538153958995812e-02 2.55899808159790060e-16
1.66666666666666657e-01 -2.81718084909505853e-02 -1.46385010942279958e-01 -1.44400037573993889e-01 -8.82734829504749768e-02 -3.79868588198793017e-02 1.51947435279517262e-01 1.57908406790344569e-01 -5.09647191437625283e-02 1.40705294136289655e-01 1.17792248790036767e-02 -2.44826591570564550e-02 3.16069770620506646e-02 3.05416016736096030e-01 -1.06013023911032969e-01 -1.81185768834869643e-01 -1.46910527230945581e-01 3.29457510764885678e-02 7.37496131447846863e-03 -3.40469961217172712e-01 3.30178688229303893e-02 2.14381892797866569e-01 1.95861273256451252e-01 -6.32139541241015929e-02 -3.05416016736096030e-01 -2.33228652604272224e-01 1.56269076979498600e-01 8.48146947123440002e-17
1.66666666666666657e-01 -2.81718084909505853e-02 -4.87950036474266297e-02 -1.44400037573993889e-01 -2.94244943168249680e-02 -1.51947435279517290e-01 1.51947435279517262e-01 5.26361355967815206e-02 -2.03858876575050196e-01 8.04030252207369456e-02 1.17792248790036733e-02 -8.16088638568548269e-03 1.26427908248202769e-01 1.74523438134911973e-01 7.06753492740219424e-02 -1.81185768834869643e-01 -4.89701757436484600e-02 1.31783004305954077e-01 4.21426360827343444e-03 2.26979974144781854e-01 -6.60357376458604872e-02 2.14381892797866541e-01 6.52870910854838060e-02 -2.52855816496405816e-01 -1.74523438134912084e-01 1.55485768402848223e-01 -3.12538153958997256e-01 2.83111524608599637e-17
1.66666666666666657e-01 -2.81718084909505853e-02 4.87950036474266574e-02 -1.44400037573993889e-01 2.94244943168249923e-02 -1.51947435279517290e-01 1.51947435279517262e-01 -5.26361355967815275e-02 -2.03858876575050196e-01 -8.04030252207369733e-02 1.17792248790036733e-02 8.16088638568549310e-03 1.26427908248202769e-01 -1.74523438134912001e-01 7.06753492740220118e-02 -1.81185768834869643e-01 4.89701757436486751e-02 1.31783004305954049e-01 -4.21426360827337546e-03 2.26979974144781854e-01 6.60357376458607509e-02 2.14381892797866541e-01 -6.52870910854838338e-02 -2.52855816496405650e-01 1.74523438134912001e-01 1.55485768402848251e-01 3.12538153958996756e-01 -1.81769223704154298e-16
1.66666666666666657e-01 -2.81718084909505853e-02 1.46385010942280014e-01 -1.44400037573993889e-01 8.82734829504749630e-02 -3.79868588198792670e-02 1.51947435279517262e-01 -1.57908406790344569e-01 -5.09647191437624866e-02 -1.40705294136289710e-01 1.17792248790036819e-02 2.44826591570564689e-02 3.16069770620506646e-02 -3.05416016736096030e-01 -1.06013023911032844e-01 -1.81185768834869670e-01 1.46910527230945803e-01 3.29457510764884429e-02 -7.37496131447848424e-03 -3.40469961217172601e-01 -3.30178688229303893e-02 2.14381892797866569e-01 -1.95861273256451668e-01 -6.32139541241014125e-02 3.05416016736095863e-01 -2.33228652604272502e-01 -1.56269076979498767e-01 -5.90752413056420421e-17
1.66666666666666657e-01 -2.81718084909505853e-02 2.43975018237133273e-01 -1.44400037573993889e-01 1.47122471584124948e-01 1.89934294099396633e-01 1.51947435279517262e-01 -2.63180677983907596e-01 2.54823595718812690e-01 1.00503781525921154e-01 1.17792248790036767e-02 4.08044319284274828e-02 -1.58034885310253448e-01 2.18154297668640140e-01 3.53376746370110059e-02 -1.81185768834869643e-01 2.44850878718242848e-01 -1.64728755382442499e-01 5.26782951034182861e-03 1.13489987072390830e-01 6.60357376458587959e-03 2.14381892797866569e-01 -3.26435455427419197e-01 3.16069770620507062e-01 -2.18154297668639863e-01 7.77428842014242644e-02 3.12538153958999629e-02 8.83235018101600305e-17
1.66666666666666657e-01 5.63436169819010665e-02 -1.95180014589706630e-01 -1.78376517003168950e-01 -2.64820448851424806e-01 1.13960576459637933e-01 2.14706350440806964e-18 1.05272271193563069e-01 2.71811835433400206e-01 -4.02015126103684936e-02 1.90823443039859236e-01 2.52987477956249818e-01 1.15892249227519187e-01 -1.43358538467963426e-01 7.06753492740226988e-03 -8.36242010007089837e-02 -1.73809637850696252e-01 -2.35072386059269223e-01 -1.70677676135073619e-01 3.58389432860183460e-02 -1.62703587939020156e-16 -1.81400063136656436e-01 -2.28504818799193460e-01 -1.26427908248202769e-01 1.86989398001692758e-02 7.77428842014241533e-02 5.19966222965041822e-17 3.50809958147763994e-16
1.66666666666666657e-01 5.63436169819010665e-02 -9.75900072948533565e-02 -1.78376517003168950e-01 -1.32410224425712458e-01 -5.69802882298189733e-02 -3.80156508072319735e-18 5.26361355967815761e-02 -1.35905917716700075e-01 8.04030252207369733e-02 1.90823443039859236e-01 1.26493738978124964e-01 -5.79461246137596558e-02 2.86717076935926907e-01 -2.82701397096088158e-02 -8.36242010007089420e-02 -8.69048189253481124e-02 1.17536193029634667e-01 3.41355352270147683e-01 -1.43355773144072829e-01 6.03337402469187051e-17 -1.81400063136656464e-01 -1.14252409399596813e-01 6.32139541241012737e-02 -3.73978796003383712e-02 -3.10971536805696780e-01 1.42828563926062607e-17 6.20181755802125238e-17
1.66666666666666657e-01 5.63436169819010665e-02 1.24309469028496002e-17 -1.78376517003168950e-01 3.33773094323120053e-17 -1.13960576459637961e-01 -7.40014857064053099e-18 1.96133753842117601e-17 -2.71811835433400262e-01 -2.55833870913901128e-17 1.90823443039859236e-01 -1.60984346217771912e-17 -1.15892249227519312e-01 -5.68553591987576252e-17 4.24052095644131891e-02 -8.36242010007089698e-02 7.58293923577846885e-17 2.35072386059269278e-01 2.66504438270994463e-17 2.15033659716109049e-01 1.15209464378639459e-16 -1.81400063136656436e-01 1.07922216621364376e-16 1.26427908248202714e-01 5.46148740082403648e-17 4.66457305208544892e-01 -2.24322756211919477e-16 -8.94361016957172624e-17
1.66666666666666657e-01 5.63436169819010665e-02 9.75900072948533287e-02 -1.78376517003168950e-01 1.32410224425712458e-01 -5.69802882298189733e-02 -8.64868696534392242e-18 -5.26361355967815067e-02 -1.35905917716700131e-01 -8.04030252207369456e-02 1.90823443039859236e-01 -1.26493738978124881e-01 -5.79461246137595934e-02 -2.86717076935926851e-01 -2.82701397096087360e-02 -8.36242010007089837e-02 8.69048189253482095e-02 1.17536193029634514e-01 -3.41355352270147461e-01 -1.43355773144072773e-01 1.06803130334803128e-16 -1.81400063136656436e-01 1.14252409399596744e-01 6.32139541241013708e-02 3.73978796003383504e-02 -3.10971536805696558e-01 -6.45313254426483225e-18 -6.39262197659995864e-17
1.66666666666666657e-01 5.63436169819010665e-02 1.95180014589706630e-01 -1.78376517003168950e-01 2.64820448851424861e-01 1.13960576459637961e-01 -7.54718026483337550e-18 -1.05272271193563041e-01 2.71811835433400262e-01 4.02015126103684936e-02 1.90823443039859236e-01 -2.52987477956249873e-01 1.15892249227519326e-01 1.43358538467963509e-01 7.06753492740218054e-03 -8.36242010007089559e-02 1.73809637850696391e-01 -2.35072386059269195e-01 1.70677676135073703e-01 3.58389432860181240e-02 -7.85116443929067900e-17 -1.81400063136656464e-01 2.28504818799193349e-01 -1.26427908248202603e-01 -1.86989398001693487e-02 7.77428842014241811e-02 2.56092394023428310e-16 -1.17569441974462126e-17
1.66666666666666657e-01 1.40859042454752725e-01 -1.46385010942279986e-01 -1.27411797859406400e-01 -3.08957190326662356e-01 5.69802882298189733e-02 -1.70940864689456906e-01 -1.38169855941551456e-01 1.95364756717756466e-01 -1.00503781525921425e-02 1.06013023911032941e-01 2.32585261992036163e-01 2.58123646006747420e-01 -4.98638394671177404e-02 4.26796652023270723e-17 2.09060502501772744e-01 2.46230320288486515e-01 7.47957592006765620e-02 -1.13785117423382473e-01 5.41407357925747825e-17 -2.04935526565866612e-17 -8.24545741530255810e-02 -1.71378614099395143e-01 -2.21248839434354916e-01 -1.49591518401353235e-01 1.23321422059062712e-16 2.27725033233025243e-16 1.54235232020961097e-16
1.66666666666666657e-01 1.40859042454752725e-01 -4.87950036474266505e-02 -1.27411797859406400e-01 -1.02985730108887383e-01 -5.69802882298189872e-02 -1.70940864689456906e-01 -4.60566186471837724e-02 -1.95364756717756466e-01 3.01511344577763442e-02 1.06013023911032941e-01 7.75284206640120266e-02 -2.58123646006747365e-01 1.49591518401353180e-01 -8.03826977171449222e-18 2.09060502501772771e-01 8.20767734294954449e-02 -7.47957592006765065e-02 3.41355352270147572e-01 -9.51102057442908990e-17 4.20255105949686908e-17 -8.24545741530254978e-02 -5.71262046997982817e-02 2.21248839434354944e-01 4.48774555204059400e-01 2.34788427457069224e-17 -1.39543636970274879e-16 6.89553913095398752e-17
1.66666666666666657e-01 1.40859042454752725e-01 4.87950036474266574e-02 -1.27411797859406400e-01 1.02985730108887438e-01 -5.69802882298189733e-02 -1.70940864689456906e-01 4.60566186471838626e-02 -1.95364756717756383e-01 -3.01511344577763858e-02 1.06013023911032941e-01 -7.75284206640120543e-02 -2.58123646006747365e-01 -1.49591518401353180e-01 5.03936443980594961e-17 2.09060502501772771e-01 -8.20767734294955559e-02 -7.47957592006765065e-02 -3.41355352270147683e-01 4.76867559648839657e-17 7.60880336542908505e-17 -8.24545741530254978e-02 5.71262046997983788e-02 2.21248839434354860e-01 -4.48774555204059677e-01 8.54624991671734048e-17 -2.80698067291590649e-16 1.70551981422554016e-18
1.66666666666666657e-01 1.40859042454752725e-01 1.46385010942279958e-01 -1.27411797859406400e-01 3.08957190326662301e-01 5.69802882298190011e-02 -1.70940864689456906e-01 1.38169855941551539e-01 1.95364756717756383e-01 1.00503781525921147e-02 1.06013023911032914e-01 -2.32585261992036163e-01 2.58123646006747420e-01 4.98638394671177612e-02 7.75275867604286551e-18 2.09060502501772688e-01 -2.46230320288486432e-01 7.47957592006765343e-02 1.13785117423382681e-01 -4.17327976508423869e-17 -7.39341674058121175e-17 -8.24545741530255116e-02 1.71378614099395088e-01 -2.21248839434354888e-01 1.49591518401353374e-01 -2.10539830928497664e-16 1.43162012278198100e-16 -6.86651747716501319e-18
1.66666666666666657e-01 2.25374467927604377e-01 -9.75900072948533148e-02 8.49411985729378767e-03 -2.79532696009837378e-01 1.89934294099396370e-02 -2.27921152919275838e-01 -3.28975847479884509e-01 8.49411985729376096e-02 -5.94733039853827467e-18 -1.76688373185054870e-01 -1.02011079821068454e-01 1.84374032861962467e-01 4.73069065652712200e-17 -5.00631895747833883e-18 1.11498934667612071e-01 2.41402274792633681e-01 2.49319197335588549e-01 8.14167848891788348e-17 -1.82765441413175402e-16 5.61206370996315413e-17 3.13327381781497383e-01 3.99883432898588520e-01 2.21248839434355110e-01 1.16431608278098409e-16 -1.10060328845287369e-16 5.74404369968507689e-17 1.89908993943027531e-16
1.66666666666666657e-01 2.25374467927604377e-01 -2.99479109384222788e-18 8.49411985729378941e-03 1.55919467908018822e-17 -3.79868588198793225e-02 -2.27921152919275838e-01 4.52945972014737371e-18 -1.69882397145875164e-01 -9.55911873935750520e-18 -1.76688373185054870e-01 -4.53464170899213489e-17 -3.68748065723924823e-01 4.39850869534121002e-17 -5.84528177871954520e-18 1.11498934667612098e-01 -9.12272373365463291e-17 -4.98638394671177099e-01 1.56603744654780255e-16 -8.67493522423887208e-18 2.10115825798153471e-17 3.13327381781497438e-01 -5.37458943560331563e-17 -4.42497678868709721e-01 -1.04908886077115938e-18 -6.10222031655534422e-17 -5.32254635732451643e-17 -2.81883474432059872e-17
1.66666666666666657e-01 2.25374467927604377e-01 9.75900072948533287e-02 8.49411985729379287e-03 2.79532696009837378e-01 1.89934294099396682e-02 -2.27921152919275838e-01 3.28975847479884509e-01 8.49411985729375818e-02 -1.43730194738341842e-17 -1.76688373185054870e-01 1.02011079821068371e-01 1.84374032861962495e-01 1.25180812278597562e-18 2.57645559068825960e-17 1.11498934667612043e-01 -2.41402274792633875e-01 2.49319197335588633e-01 -3.85282892138648746e-17 4.06609261790167648e-17 -2.48271811470140734e-17 3.13327381781497438e-01 -3.99883432898588631e-01 2.21248839434354999e-01 -3.16263658387959392e-17 -1.14637979695112995e-16 8.66645107757057756e-17 -2.69418201637821661e-17
1.66666666666666657e-01 3.09889893400456029e-01 -4.87950036474266644e-02 2.29341236146931499e-01 -1.76546965900949898e-01 -1.32206388056787837e-17 -3.79868588198793086e-02 -3.28975847479884509e-01 2.37862781602289337e-17 -1.23926188169818015e-18 -2.94480621975091394e-01 -4.08044319284273926e-01 1.67583769674977064e-17 1.93597398612257520e-17 -2.03802405998997133e-17 -3.76308904503190933e-01 -3.62103412188950813e-01 6.45661980123545466e-17 -1.40988142522152744e-17 -4.27608960176987083e-17 -2.00484371807163830e-17 -2.80345552120286945e-01 -2.28504818799193515e-01 2.79943513519184750e-16 1.56649101179050663e-17 5.92056891846614017e-17 1.17903006287189643e-16 1.09542587972207926e-16
1.66666666666666657e-01 3.09889893400456029e-01 4.87950036474266574e-02 2.29341236146931499e-01 1.76546965900949926e-01 2.64606874347793951e-18 -3.79868588198793156e-02 3.28975847479884564e-01 1.92163411602570567e-18 -7.61796922053091356e-18 -2.94480621975091339e-01 4.08044319284273926e-01 -6.07128132810402402e-17 3.31688325566492223e-17 1.90012598977421936e-17 -3.76308904503190988e-01 3.62103412188950591e-01 -2.53636330975140891e-17 -2.33299241913421738e-17 2.40851725818393491e-17 1.40822398159996878e-17 -2.80345552120286778e-01 2.28504818799193266e-01 -7.20431809397006777e-18 9.13803718747415371e-17 -2.52981950411899545e-16 -7.30219021833090818e-17 -5.05920825078050521e-17
1.66666666666666657e-01 3.94405318873307709e-01 -7.27591466884052911e-19 5.35129551009506876e-01 1.96138672879827939e-17 -7.81041265761128320e-18 5.31816023478310362e-01 3.19736213725400814e-17 4.46385575000205249e-18 8.12605944893512691e-18 4.12272870765128141e-01 -1.54315812607371587e-17 3.71516332330581350e-17 -6.74628947481421872e-18 -3.81770496636588145e-18 2.50872603002126937e-01 8.17385456428995508e-17 2.03956917908040251e-19 -6.57378627499678438e-19 -5.61500869442075629e-17 8.87353690869171858e-18 1.15436403814236088e-01 2.22045837078333177e-16 -1.80293402578759252e-16 1.15073858678692876e-16 -2.37365464398976210e-17 8.58108119776695662e-17 -2.63297129559484270e-17
